2.14799	34.4939	728.0
2.56799	34.3549	168.0
2.52203	34.3056	11436.0
2.13886	34.3379	1408.0
2.70888	34.097	86.0
2.50908	34.3501	2146.0
2.48824	34.2805	586.0
2.76135	34.1354	275.0
2.87122	34.2578	769.0
2.7558	34.5494	329.0
2.63586	34.3474	275.0
2.62776	34.237	135.0
2.78264	34.6269	3610.0
2.75822	34.0724	431.0
2.17758	34.816	332.0
2.6136	34.2789	390.0
2.69823	34.2023	15.0
2.06236	34.335	1102.0
2.78639	34.2174	970.0
2.11298	34.7234	69.0
2.35899	34.6269	1924.0
2.17086	34.6635	2314.0
2.15189	34.6465	762.0
2.30347	34.1763	1534.0
2.12818	34.4543	529.0
2.42469	34.7685	492.0
2.00986	34.3409	817.0
2.73887	34.5815	3488.0
2.32774	34.2031	2594.0
2.9022	34.4549	10846.0
2.78355	34.0984	8004.0
2.85924	34.5977	277.0
2.75389	34.2323	394.0
2.61521	34.1846	243.0
2.44408	34.661	613.0
2.83804	34.2053	364.0
2.2428	34.7082	340.0
2.51734	34.2822	683.0
2.08179	34.5583	221.0
2.21263	34.1822	3530.0
2.84512	34.426	411.0
2.24439	34.2957	145.0
2.16045	34.5657	641.0
2.42196	34.1891	692.0
2.23864	34.1874	2709.0
2.20873	34.7134	202.0
2.60108	34.5372	94.0
2.20661	34.3645	290.0
2.41471	34.5462	40666.0
2.3326	34.23	824.0
2.59593	34.3805	277.0
2.14015	34.7442	359.0
2.73039	33.9897	566.0
2.82431	34.298	105.0
2.72244	34.4208	427.0
2.7886	34.0632	731.0
2.29727	34.2124	590.0
2.66459	34.5122	559.0
2.61716	34.1167	675.0
2.33031	34.5505	1288.0
2.66705	34.2069	56.0
2.62193	34.4713	230.0
2.60668	34.416	672.0
2.42887	34.4762	1288.0
3.10366	34.663	2283.0
2.47671	34.525	2390.0
2.81265	34.1823	814.0
2.35269	34.3514	1658.0
2.04282	34.3746	1025.0
2.65951	34.3012	106.0
2.59176	34.4662	200.0
3.01483	34.5239	1057.0
2.78869	34.2784	674.0
2.70889	34.3649	425.0
2.8918	34.5659	593.0
2.84891	34.3527	573.0
2.08962	34.4339	560.0
2.23413	34.5258	492.0
2.22927	34.4161	263.0
2.77461	34.5288	265.0
2.39654	34.2173	810.0
2.46731	34.3166	1370.0
2.3826	34.369	308.0
2.8506	34.4746	2641.0
2.41242	34.319	1074.0
2.17624	34.4648	4137.0
2.21678	34.7784	580.0
2.55588	34.6164	485.0
2.2565	34.5402	810.0
2.81664	34.2297	174.0
2.78366	34.1412	664.0
2.42485	34.2369	1200.0
2.71975	34.1704	112.0
2.69404	34.4541	132.0
2.1788	34.7238	657.0
3.07833	34.6302	803.0
2.93373	34.5684	369.0
2.11775	34.2647	1079.0
2.58505	34.5427	127.0
2.57286	34.2477	116.0
2.48447	34.7272	1091.0
2.95699	34.49	1106.0
2.73623	34.0845	128.0
2.6084	34.23	69.0
2.67391	34.45	285.0
2.28052	34.4948	649.0
2.9017	34.5008	499.0
2.25881	34.6113	862.0
2.72778	34.1492	430.0
2.71671	34.0735	100.0
2.86718	34.3138	898.0
2.68806	34.3843	221.0
2.62348	34.3788	73.0
2.71741	34.2903	726.0
2.06559	34.5794	904.0
2.39196	34.7758	512.0
2.60204	34.594	469.0
2.50561	34.6687	360.0
2.30234	34.7976	218.0
2.37436	34.3113	258.0
2.35724	34.6544	907.0
2.84902	34.1332	308.0
2.10894	34.6231	1477.0
3.03525	34.6379	1349.0
2.10612	34.5589	651.0
2.86442	34.2058	2622.0
2.34401	34.8263	404.0
2.29834	34.6132	590.0
2.77521	34.1682	304.0
2.27444	34.1975	3757.0
3.1352	34.7219	6171.0
2.20893	34.677	600.0
2.39141	34.4099	968.0
2.1279	34.4798	279.0
2.45227	34.7636	403.0
2.74188	34.658	2186.0
2.52016	34.3285	646.0
2.51624	34.5614	160.0
2.45524	34.4105	882.0
2.81748	34.5704	663.0
3.05563	34.6624	1197.0
2.3692	34.6792	642.0
2.63051	34.3104	109.0
2.31648	34.253	592.0
2.01295	34.3605	1684.0
2.95852	34.5125	594.0
2.11409	34.6754	2933.0
3.12777	34.5992	7083.0
2.83111	34.1611	50.0
2.36379	34.7195	1562.0
2.05552	34.4139	994.0
2.02919	34.335	1848.0
2.06716	34.5519	565.0
2.0396	34.4603	399.0
2.6661	34.5344	714.0
2.72118	34.5959	759.0
2.58336	34.6471	92.0
3.07731	34.6934	7733.0
2.85532	34.5669	100.0
2.16996	34.7578	561.0
2.78123	34.431	108.0
2.57173	34.5509	111.0
2.08186	34.6029	1598.0
3.13291	34.6796	612.0
2.71841	34.5702	747.0
2.6908	34.0697	333.0
2.02988	34.4457	1065.0
2.56692	34.5047	676.0
2.69016	34.3149	3662.0
2.66179	34.2514	62.0
2.79513	34.3772	295.0
2.11755	34.5251	466.0
2.84064	34.3968	970.0
2.69162	34.138	95.0
2.64714	34.3832	146.0
2.67746	34.561	1656.0
2.748	34.002	178.0
2.01125	34.3194	5338.0
2.46942	34.5557	1256.0
2.30465	34.7068	773.0
2.4886	34.489	330.0
2.29834	34.293	206.0
2.55174	34.3945	1700.0
2.62129	34.4384	135.0
2.48616	34.2363	5882.0
2.12557	34.5852	986.0
2.80685	34.4926	195.0
2.90737	34.4791	935.0
2.66084	34.3992	260.0
2.19757	34.3272	226.0
2.85503	34.161	117.0
2.93703	34.4574	481.0
2.98043	34.6314	221.0
2.37827	34.4577	1145.0
2.33552	34.7514	597.0
2.45826	34.2717	922.0
2.60675	34.5058	143.0
2.84282	34.3706	49.0
2.65942	34.0921	724.0
2.82823	34.2778	73.0
2.6488	34.1581	147.0
2.75982	34.3166	103.0
2.39321	34.138	2322.0
2.02793	34.4029	257.0
2.81353	34.1223	291.0
2.6498	34.4643	664.0
2.32838	34.6708	674.0
2.2993	34.7719	246.0
2.1289	34.7033	1598.0
2.41201	34.6853	2164.0
2.67151	34.1211	108.0
2.80782	34.1507	156.0
2.27352	34.3976	677.0
2.26387	34.6813	727.0
2.71883	34.5461	1265.0
2.06895	34.2509	2120.0
2.85036	34.1049	498.0
2.65711	34.5994	483.0
2.48971	34.5859	1204.0
2.57865	34.4087	114.0
2.01302	34.3874	931.0
2.38363	34.2504	6840.0
2.52491	34.4848	727.0
2.24843	34.5827	1911.0
3.04325	34.7063	312.0
2.15078	34.2388	2109.0
2.16581	34.1869	8539.0
2.05303	34.3155	1430.0
2.06183	34.484	572.0
2.44317	34.5103	1421.0
2.59918	34.1449	386.0
2.86531	34.5189	282.0
2.04943	34.4368	908.0
2.30187	34.5601	489.0
2.27252	34.2716	221.0
2.16713	34.3039	578.0
2.23012	34.2341	6454.0
2.01398	34.4253	2830.0
2.30629	34.5275	619.0
2.70371	34.5229	3652.0
2.3027	34.6645	1994.0
2.63734	34.5259	952.0
2.76721	33.9924	204.0
2.72039	34.4974	3902.0
2.83846	34.0725	393.0
2.21853	34.4969	1231.0
2.5217	34.4342	1236.0
2.74083	34.4805	617.0
2.15681	34.1606	2157.0
2.2648	34.1664	1360.0
2.59173	34.3441	87.0
2.60606	34.3106	78.0
2.66274	34.1811	120.0
3.11721	34.6255	2663.0
2.67354	34.4123	264.0
2.75186	34.6045	24162.0
2.14032	34.7271	467.0
2.0724	34.26	909.0
2.82775	34.0928	320.0
2.97378	34.538	1579.0
2.39161	34.5132	5534.0
2.36225	34.2234	1103.0
2.18764	34.5853	721.0
2.7531	34.4122	141.0
2.6302	34.4931	158.0
2.78103	34.026	646.0
2.06337	34.4629	337.0
2.43706	34.7267	299.0
2.28736	34.2356	637.0
2.80516	34.5313	83.0
2.28559	34.3661	417.0
2.77175	34.4863	321.0
2.32257	34.5867	2019.0
2.8336	34.1493	122.0
2.55734	34.4337	1360.0
2.49932	34.3976	2307.0
2.15105	34.7829	2004.0
2.11062	34.6027	1484.0
2.68982	34.4995	913.0
2.99914	34.4926	629.0
2.56196	34.664	58.0
2.75215	34.0294	242.0
2.68165	34.2233	33.0
2.52624	34.6613	191.0
3.09968	34.6062	4261.0
2.44754	34.3651	1152.0
2.75442	34.1664	126.0
2.50696	34.5322	219.0
2.09864	34.3095	498.0
2.16277	34.426	367.0
2.10867	34.6471	2845.0
2.48941	34.5032	492.0
2.06925	34.2781	3683.0
2.13843	34.7686	715.0
2.35366	34.2961	839.0
2.23002	34.4649	522.0
2.71019	34.1849	147.0
2.75364	34.3506	188.0
2.5905	34.4424	133.0
2.14	34.6373	507.0
2.1748	34.2691	3101.0
2.13708	34.5527	402.0
2.27615	34.4545	191.0
2.32741	34.4906	965.0
2.16999	34.7923	817.0
2.70216	34.0376	582.0
1.99746	34.2913	1282.0
2.73661	34.0455	102.0
2.82493	34.132	132.0
2.25451	34.2393	468.0
2.18394	34.615	1314.0
2.36243	34.5524	4921.0
2.48528	34.2925	1944.0
2.25781	34.6471	666.0
2.02445	34.2993	1544.0
2.05823	34.5239	2259.0
2.33893	34.276	402.0
2.44545	34.6156	2046.0
2.09902	34.4864	1179.0
2.21272	34.7449	386.0
2.03827	34.3079	1118.0
3.06497	34.5881	6383.0
2.22171	34.6223	363.0
2.23395	34.4457	161.0
2.83047	34.5265	476.0
2.72831	34.1185	307.0
2.2627	34.422	215.0
2.98877	34.5638	1182.0
2.38854	34.1849	1082.0
2.12871	34.3021	554.0
2.53	34.3736	1450.0
2.26173	34.7384	579.0
2.1462	34.6077	958.0
2.44974	34.2267	535.0
2.29535	34.7417	514.0
2.17591	34.5409	527.0
2.44555	34.5343	789.0
2.07817	34.6471	1655.0
2.20498	34.2916	1059.0
2.77806	34.1961	332.0
2.68537	34.4798	1050.0
2.48084	34.4486	1302.0
2.31307	34.6322	652.0
2.19603	34.1759	4020.0
2.35525	34.1664	1949.0
2.4374	34.2972	604.0
2.35616	34.7939	546.0
2.33029	34.3959	489.0
2.15843	34.3563	253.0
2.3169	34.4381	1187.0
2.57881	34.2965	2065.0
2.34967	34.5251	813.0
2.52447	34.2314	939.0
2.24468	34.662	103.0
2.2641	34.801	935.0
2.12836	34.4028	1537.0
2.43888	34.1677	804.0
2.49912	34.7053	285.0
2.69599	34.6075	422.0
2.19607	34.4064	416.0
2.54973	34.2104	973.0
3.13011	34.6605	1015.0
2.09312	34.3391	875.0
3.09931	34.641	1348.0
2.62806	34.1436	123.0
3.04677	34.6091	1247.0
2.19279	34.8351	545.0
2.58139	34.1592	960.0
2.58455	34.4902	79.0
2.36046	34.4815	914.0
2.25773	34.7754	135.0
2.89754	34.2972	801.0
2.56119	34.5756	638.0
2.80682	34.3274	125.0
2.63149	34.5671	302.0
2.57006	34.2243	221.0
2.17415	34.5117	485.0
2.87356	34.3788	69.0
2.752	34.2775	218.0
2.81116	34.2129	402.0
2.64014	34.2689	1086.0
2.70822	34.2408	299.0
2.22996	34.1599	949.0
3.01012	34.5887	4063.0
2.04561	34.5101	1358.0
2.5479	34.2667	646.0
2.46306	34.4811	1115.0
2.06933	34.3022	727.0
2.18465	34.2182	1527.0
2.42745	34.4391	300.0
2.50938	34.6229	1910.0
2.0221	34.2829	6392.0
2.0977	34.4558	67.0
2.27706	34.5584	510.0
2.45368	34.3875	385.0
2.51632	34.2643	1003.0
2.49919	34.6879	192.0
2.29785	34.8227	127.0
2.30558	34.3291	255.0
3.12322	34.6465	1712.0
3.1087	34.7083	449.0
2.23071	34.8142	191.0
2.09475	34.6971	113.0
2.66778	34.4298	537.0
2.7857	34.2371	311.0
2.25055	34.3349	4190.0
2.58541	34.1946	954.0
2.46819	34.6867	455.0
2.08705	34.3731	939.0
2.53888	34.5343	1102.0
2.83983	34.4414	268.0
2.42183	34.3523	472.0
2.40354	34.278	2407.0
2.39443	34.591	5288.0
2.74479	34.1951	949.0
2.82366	34.2541	281.0
2.80779	34.076	643.0
2.81494	34.1613	89.0
2.20822	34.5554	2422.0
1.71232	33.2408	419.0
1.66707	32.9538	336.0
1.66332	33.0732	169.0
1.79301	33.1086	89.0
1.8855	32.9129	1135.0
1.74112	33.169	165.0
1.99811	33.293	756.0
1.90743	33.0628	1026.0
2.04835	33.5641	984.0
1.92518	33.5957	17522.0
1.68434	33.0924	498.0
1.6515	33.2526	452.0
2.00328	33.5415	779.0
1.90691	33.3924	321.0
2.0563	33.4948	415.0
1.68211	33.0496	361.0
1.54758	32.7839	529.0
1.41044	33.0387	51.0
1.71735	32.9676	11018.0
1.91728	32.9438	337.0
2.01258	33.0628	822.0
1.70063	32.8675	337.0
1.52011	32.7209	555.0
1.52204	33.0247	204.0
1.49601	33.2078	337.0
2.04925	33.1853	1565.0
1.60332	32.7148	400.0
1.53354	32.9004	173.0
1.8099	33.2227	220.0
1.56705	32.7405	566.0
1.86237	33.012	135.0
1.64006	32.6994	166.0
1.84231	32.7123	112.0
1.96368	33.2736	509.0
2.02515	33.6289	263.0
1.57793	33.2462	135.0
1.42288	32.9718	41.0
1.92296	33.4098	244.0
1.95654	33.3804	259.0
1.92147	33.6168	2096.0
1.90161	32.7446	7768.0
1.94977	33.6784	165.0
1.58323	33.1019	504.0
1.3061	33.0287	99.0
1.84862	33.2338	303.0
1.63758	33.1824	74.0
1.50134	32.7836	555.0
2.05031	33.6287	488.0
2.012	33.3088	442.0
1.59629	32.7703	342.0
1.64423	33.2823	268.0
2.08053	33.223	2070.0
1.99363	33.6917	511.0
1.6433	32.9222	866.0
2.08548	33.3406	204.0
1.91839	33.2779	188.0
1.67852	32.8508	255.0
1.63914	32.952	103.0
2.00127	33.4807	226.0
1.7363	33.2593	3514.0
1.63297	33.043	257.0
1.94398	33.0642	2450.0
2.0053	33.6149	229.0
1.98054	33.3642	505.0
1.96674	33.4102	551.0
2.08628	33.3187	2082.0
1.35497	33.1466	713.0
1.90478	33.0957	1464.0
1.9161	33.3616	510.0
1.82794	33.1141	110.0
1.49546	33.1511	205.0
2.0175	33.0148	2400.0
1.81776	33.0155	212.0
1.97027	33.6045	2629.0
1.80231	33.3432	1105.0
1.71174	33.415	271.0
1.48059	32.9187	82.0
1.68489	33.2051	247.0
1.92687	33.1894	324.0
2.0067	33.5103	702.0
1.88097	33.3771	492.0
2.00099	33.4454	553.0
1.62261	33.0031	276.0
1.50354	32.8415	101.0
1.98863	33.6657	1106.0
1.93623	33.1061	1092.0
1.68046	32.9385	264.0
1.84187	33.0435	49.0
1.70877	33.09	269.0
2.00572	33.2176	115.0
1.94859	33.3371	387.0
1.82148	33.1991	349.0
2.07345	33.3623	502.0
1.76583	33.086	79.0
1.83556	32.8057	381.0
1.4482	32.7786	369.0
1.63189	32.752	624.0
2.10492	33.2844	10707.0
1.67357	33.3379	122.0
1.76725	33.1407	96.0
1.39963	33.1193	129.0
1.43077	33.204	166.0
1.58762	32.9856	1065.0
1.71338	33.2717	107.0
1.59654	32.9296	304.0
1.59875	32.8288	1483.0
1.64395	33.0589	149.0
1.63651	33.1032	176.0
1.7383	32.7113	218.0
1.79892	33.3832	204.0
1.65086	32.8273	493.0
1.69403	32.9992	1342.0
1.57073	32.8172	1520.0
1.53033	32.9526	112.0
1.44944	33.1755	253.0
1.62875	33.1532	117.0
1.40197	33.164	237.0
1.68721	32.9203	1259.0
1.65203	33.3077	174.0
1.81559	33.4283	57.0
1.74964	32.805	700.0
1.64884	33.0102	1032.0
1.82282	33.4649	494.0
1.87642	33.3338	2467.0
1.38454	33.0826	199.0
1.70826	32.897	325.0
1.6421	32.8918	1942.0
1.88682	32.8134	90.0
1.63091	32.8623	784.0
1.36131	32.9262	48.0
1.31751	32.9737	126.0
1.34752	33.0944	87.0
1.76209	32.9392	1430.0
1.66624	33.1144	130.0
2.03362	33.4469	572.0
1.63888	32.9671	175.0
1.29981	33.0897	273.0
2.00811	33.7031	606.0
1.42757	32.9475	32.0
1.77502	32.9749	776.0
1.88346	33.1114	517.0
1.43092	32.8345	258.0
1.45189	32.7115	169.0
1.71167	33.1588	301.0
1.68045	33.2384	732.0
1.66037	33.3619	216.0
2.06678	33.3822	1094.0
1.47355	33.019	258.0
1.45507	33.079	163.0
1.68003	32.9828	1010.0
1.60607	33.033	775.0
1.98495	32.9768	1098.0
1.67259	33.1605	108.0
1.80245	32.9523	314.0
1.80544	33.5486	65.0
1.55313	33.0713	634.0
1.63457	32.8777	462.0
1.38928	32.8914	76.0
1.78271	33.2808	180.0
1.83889	33.3848	258.0
1.89967	33.1665	797.0
1.73952	32.67	341.0
2.04712	33.5127	314.0
1.8496	33.4303	288.0
1.51554	32.814	389.0
1.99069	33.6354	1681.0
1.60582	33.1325	55.0
2.0373	33.6466	451.0
1.34699	33.0473	53.0
1.52239	32.841	121.0
2.03608	33.3675	509.0
1.63532	33.0225	485.0
1.807	33.0925	118.0
2.01068	33.1082	2704.0
1.64793	32.9902	887.0
1.70396	32.8322	295.0
1.86509	33.1345	409.0
1.92814	33.4856	514.0
1.88053	33.0781	9170.0
1.60283	32.9521	104.0
1.96224	33.5416	1254.0
1.55623	32.8617	284.0
1.7638	32.8769	170.0
1.96429	32.9476	1870.0
1.7673	33.4364	341.0
1.62491	32.9374	227.0
1.896	33.0372	300.0
1.58176	33.2737	57.0
1.56393	32.9248	208.0
1.92557	33.5686	2453.0
1.99506	33.1344	863.0
1.60963	32.8524	993.0
1.50874	33.0748	43.0
1.68104	32.8051	2132.0
1.44161	32.9004	101.0
1.56899	33.1537	131.0
1.72969	33.356	2688.0
1.91061	33.5356	1118.0
1.3195	33.0647	72.0
1.63841	32.7925	736.0
1.83755	32.8883	94.0
1.62685	33.1963	89.0
1.71796	33.0429	437.0
1.57001	32.6748	415.0
1.72181	33.4661	235.0
1.51757	32.8655	122.0
1.87716	33.2722	119.0
1.78259	33.2391	222.0
1.924	33.3125	469.0
2.00508	33.3967	663.0
1.85118	33.3013	279.0
1.9449	33.0294	183.0
1.75161	33.2227	92.0
1.95309	33.1482	198.0
1.76376	33.2782	211.0
1.61798	32.9788	98.0
1.46239	33.1207	285.0
1.95553	33.6257	918.0
1.60465	33.3022	105.0
1.99875	33.5998	996.0
2.03511	33.6091	707.0
1.73599	32.9702	731.0
1.78111	33.0559	297.0
1.69908	32.956	2297.0
1.36582	33.0011	458.0
1.82299	33.1546	172.0
2.0381	33.5953	200.0
1.54334	33.182	253.0
1.89261	33.4275	1183.0
1.95826	33.1887	542.0
1.54452	32.8044	222.0
1.73929	33.1975	104.0
2.05976	33.2145	1716.0
1.76507	32.9093	505.0
1.83617	32.9901	96.0
1.93669	33.6825	173.0
1.85307	33.261	246.0
2.05239	33.4305	2394.0
1.83771	32.9462	573.0
1.73431	33.3074	206.0
1.77135	33.3975	96.0
1.97382	33.4943	380.0
1.73104	33.103	186.0
1.67697	33.3209	215.0
1.7547	33.1243	174.0
1.72445	33.0165	711.0
1.9648	33.1129	1022.0
1.81524	33.2612	318.0
1.94687	33.222	91.0
1.79141	33.5157	241.0
1.91393	32.648	1161.0
1.98327	33.0477	663.0
2.00751	33.1774	1295.0
1.34973	32.9498	182.0
1.79135	33.0205	132.0
1.89389	32.6926	2150.0
1.90709	33.638	1189.0
1.38724	32.8395	73.0
1.59807	33.2148	271.0
1.86991	32.6629	642.0
1.69407	33.289	1299.0
1.93776	32.9918	395.0
1.72569	32.8783	241.0
1.79288	32.8431	160.0
1.87063	33.2086	181.0
1.49808	32.896	119.0
1.76665	33.2519	222.0
1.74494	33.0582	130.0
1.89562	33.1915	270.0
1.91798	32.7948	1314.0
1.52155	32.6929	762.0
2.07231	33.2952	6502.0
1.60817	33.0654	382.0
1.90396	33.0089	46.0
1.4746	32.8402	133.0
1.78854	33.4779	85.0
1.78731	33.1716	504.0
1.86575	32.9566	203.0
1.8332	33.0681	1107.0
1.74053	32.9859	1427.0
1.80162	33.2996	250.0
1.8035	32.7364	555.0
1.95029	33.5145	775.0
2.05052	33.3293	540.0
1.60478	32.656	491.0
1.85925	33.1757	1248.0
1.70724	32.9359	1147.0
2.00936	33.3412	350.0
1.97402	33.0826	684.0
1.84253	33.5047	131.0
1.90552	32.8615	358.0
1.9573	33.4494	828.0
1.97712	33.0146	605.0
1.91611	33.147	213.0
1.69752	32.7471	504.0
1.47458	32.7914	210.0
1.66839	32.7707	183.0
1.58299	32.8903	346.0
2.03498	33.5346	1829.0
1.8738	33.4912	1592.0
1.94383	33.6516	694.0
1.89406	32.9748	104.0
2.03253	33.4796	308.0
2.01783	33.6629	1078.0
1.89563	33.2279	312.0
1.52552	32.9835	290.0
2.09447	33.2473	1721.0
2.02934	33.5704	772.0
1.61749	32.9086	166.0
1.94163	32.902	7999.0
2.01619	33.5826	185.0
1.56733	33.0294	1004.0
2.04517	33.2562	1501.0
2.06426	33.4054	9946.0
1.71225	32.9994	1750.0
1.53065	33.1237	102.0
1.66167	32.8763	336.0
1.67872	32.7191	430.0
1.4806	32.9505	450.0
1.72933	32.7596	2027.0
1.67523	33.0215	3536.0
1.85843	32.8597	377.0
1.828	33.5729	767.0
1.48822	32.7507	2664.0
1.8909	33.4581	197.0
1.57938	32.8648	203.0
1.98764	33.5716	1679.0
1.92098	33.2589	1721.0
1.75699	33.0138	1276.0
1.85063	33.0881	1468.0
1.80946	32.907	2429.0
1.8807	33.5747	1089.0
1.66803	32.9036	989.0
1.96849	33.6798	262.0
2.04959	33.4634	753.0
1.94765	32.8426	3413.0
1.8541	33.5433	619.0
1.73125	32.9165	726.0
2.03913	33.1576	5168.0
2.54324	33.0627	255.0
2.10472	33.5931	1573.0
2.17683	32.8596	45.0
2.23476	33.3384	2080.0
2.05508	32.8557	1385.0
2.15142	33.1238	2009.0
2.14084	33.1521	100.0
1.99113	32.9403	947.0
2.06237	33.5991	1156.0
2.12958	33.6258	3319.0
2.27	33.066	1989.0
2.48512	32.8564	35.0
2.45406	32.7352	61.0
2.27064	33.4962	370.0
2.34409	33.0391	30.0
2.35505	32.7525	349.0
2.51875	32.9797	39.0
2.57863	32.5989	5.0
2.4733	33.0524	205.0
2.21806	33.017	230.0
2.20119	33.0416	120.0
2.76434	32.6208	66.0
2.35222	33.2983	647.0
2.26678	33.2249	370.0
2.53112	33.0186	155.0
2.65954	32.5466	47.0
2.47738	33.0856	141.0
2.21787	33.5384	205.0
2.74987	32.8802	10.0
2.11161	32.9178	814.0
2.26094	33.1876	396.0
2.11784	32.6898	742.0
2.40237	33.4203	364.0
2.34738	33.1358	312.0
2.61755	32.9266	75.0
2.17658	33.2306	3679.0
2.15678	33.3906	936.0
2.367	33.3643	543.0
2.6854	32.9238	65.0
2.0877	33.5679	984.0
2.14014	33.2114	1685.0
2.40439	32.6671	93.0
2.16605	32.913	1205.0
2.52189	32.7209	75.0
2.58733	32.9	63.0
2.38327	32.6758	57.0
2.29323	33.3221	911.0
2.49445	32.6861	69.0
2.37	32.9719	55.0
2.11346	32.9466	378.0
2.13237	32.6602	694.0
2.71145	32.9999	101.0
2.34738	32.9399	563.0
2.26253	33.3739	9752.0
2.13143	33.3208	18347.0
2.47601	33.2932	223.0
2.40892	32.8829	160.0
2.17134	33.497	471.0
2.49672	32.954	32.0
2.45335	32.6428	2226.0
2.22783	33.2647	5861.0
2.18942	33.071	608.0
2.37107	33.2318	38.0
2.50786	32.8895	56.0
2.29474	33.5091	157.0
2.54507	33.1717	101.0
2.12351	32.7569	493.0
2.15083	33.4128	944.0
2.12763	33.4768	880.0
2.08771	32.7657	177.0
2.56608	33.3305	662.0
2.5945	32.8308	48.0
2.64983	32.9056	33.0
2.23232	33.5112	713.0
2.18558	32.9496	501.0
2.28726	33.3005	901.0
2.39865	33.0189	36.0
2.29746	33.2574	476.0
2.36763	32.7027	77.0
2.18597	33.5904	1276.0
2.18174	33.3664	3285.0
1.99326	32.8628	2220.0
2.62843	33.0638	523.0
2.33021	33.4517	888.0
2.30118	33.3678	3975.0
2.42365	32.8374	54.0
2.41095	32.9917	17.0
2.1554	33.458	430.0
2.06487	32.7397	441.0
2.16353	33.5266	702.0
2.16773	32.968	800.0
2.18242	33.4365	1833.0
2.08308	33.0785	641.0
2.28242	33.1144	130.0
2.14058	32.7455	432.0
2.31143	33.2164	361.0
2.3112	32.9132	118.0
2.0798	32.9975	133.0
2.37533	32.7774	447.0
2.56211	32.8041	81.0
2.52659	32.8195	65.0
2.04309	32.999	749.0
2.27616	33.5302	470.0
2.24092	33.0911	7739.0
2.09043	33.4546	418.0
2.37573	32.9146	89.0
2.42312	32.7507	186.0
2.53759	33.1074	4451.0
2.27874	32.8927	3096.0
2.2298	33.0577	544.0
1.98203	32.7921	4379.0
2.5469	33.3783	52.0
2.16862	33.6658	1096.0
2.08242	33.4803	689.0
2.07653	32.8804	752.0
2.41948	33.0444	119.0
2.59295	32.8665	21.0
2.11607	33.1884	4054.0
2.20309	33.1164	1018.0
2.72536	32.5903	76.0
2.46595	32.6082	103.0
2.39778	33.1579	59.0
2.37331	33.4234	573.0
2.42783	32.779	17.0
2.22672	32.9211	111.0
2.13874	33.573	169.0
2.26934	32.9461	71.0
2.63828	32.511	113.0
2.71523	32.9551	43.0
2.28387	32.9776	140.0
2.01693	32.7522	1075.0
2.2951	33.4394	1826.0
2.29605	33.4788	468.0
2.31609	33.1697	156.0
2.73656	33.0594	84.0
2.30656	33.6161	735.0
2.1368	33.0787	1567.0
2.02469	32.7889	559.0
2.14367	32.7982	1353.0
2.44837	32.8693	33.0
2.25356	33.6065	1333.0
2.39145	33.3888	758.0
2.73136	32.6309	14.0
2.55836	32.9288	35.0
2.72195	32.6563	112.0
2.77149	32.585	225.0
2.21126	33.682	805.0
2.10538	33.4524	770.0
2.09856	32.9667	588.0
2.60115	33.0966	89.0
2.06817	33.56	882.0
2.57207	32.7192	44.0
2.25484	33.65	667.0
2.39345	33.2824	55.0
2.65695	32.9569	33.0
2.08647	33.1436	7759.0
2.05813	33.1055	5698.0
2.60626	32.9723	490.0
2.82653	33.0458	437.0
2.01264	32.8338	1419.0
2.18663	33.2575	2903.0
2.209	32.9635	134.0
2.22249	33.6625	570.0
2.31753	33.336	655.0
2.24449	33.4859	723.0
2.50308	33.1687	135.0
2.12533	32.9988	998.0
2.16269	33.4748	502.0
2.61875	33.0192	355.0
2.1264	33.4253	1670.0
2.36757	32.6395	201.0
2.62802	32.6042	204.0
2.31146	32.6799	1335.0
2.32549	33.0734	815.0
2.30903	33.553	200.0
2.09285	33.0464	503.0
2.65189	32.9869	47.0
2.56278	33.0844	113.0
2.39136	32.6025	840.0
2.6607	32.6449	85.0
2.40862	32.7233	64.0
2.06883	32.9128	1424.0
2.24599	32.7975	312.0
2.59062	32.5579	428.0
2.25167	33.547	456.0
2.35509	33.1063	157.0
2.15791	33.2144	1526.0
2.23775	33.299	3120.0
2.0117	32.9127	31344.0
2.60247	32.7097	46.0
2.77066	32.5438	57.0
2.62199	32.67	55.0
2.31049	32.8508	295.0
2.12116	32.8442	222.0
2.57073	32.988	116.0
2.52695	33.0392	79.0
2.20639	33.1935	2680.0
2.35338	33.5086	441.0
2.16375	33.154	1469.0
2.48307	32.7642	22.0
2.33987	33.5811	446.0
2.10672	32.7294	1029.0
2.2317	33.2229	857.0
2.22095	33.6402	602.0
2.33388	32.9809	53.0
2.54572	32.8593	395.0
2.13681	33.5522	543.0
2.44631	33.403	138.0
2.26849	33.4266	2186.0
2.15951	33.5702	307.0
2.3325	32.7202	6723.0
2.41352	33.223	66.0
2.33969	32.9102	28.0
2.43124	33.3473	377.0
2.26058	33.1639	215.0
2.35245	33.4695	476.0
2.28153	32.807	373.0
2.54481	32.747	23.0
2.487	32.9986	20.0
2.41976	32.618	88.0
2.25775	33.4558	2309.0
2.32301	33.2649	488.0
2.33241	32.6672	274.0
2.3034	33.0441	755.0
1.96284	32.7252	11943.0
2.40333	32.6165	127.0
2.3937	32.7421	226.0
2.50992	32.5933	175.0
2.36074	33.184	134.0
2.30719	32.9577	145.0
2.55972	32.6162	17.0
2.2258	32.8862	809.0
2.49086	32.729	97.0
2.60761	32.8023	21.0
2.48515	33.1368	89.0
2.08657	33.512	455.0
2.43666	33.1132	136.0
2.22636	32.9532	459.0
2.12299	33.3716	2688.0
2.15163	32.8842	333.0
2.1226	33.2329	8090.0
2.57384	32.9596	65.0
2.45849	32.9812	26.0
2.70657	32.8985	25.0
2.40117	32.6428	78.0
2.10229	32.8994	347.0
2.19788	32.9836	647.0
2.19472	33.5292	255.0
2.08982	32.8134	336.0
2.56115	33.0127	207.0
2.5668	32.5406	119.0
2.52429	32.7679	283.0
2.48406	33.0217	29.0
2.61156	32.637	22.0
2.24742	32.9371	111.0
2.42375	32.6916	45.0
2.42386	33.3838	113.0
2.09983	33.3703	2740.0
2.10482	32.872	304.0
2.36144	33.3278	762.0
2.42439	32.9656	1.0
2.09504	32.6208	1236.0
2.25978	32.8413	371.0
2.17296	33.0327	121.0
2.51039	32.63	287.0
2.57907	32.6298	65.0
2.25269	33.4113	32667.0
2.58728	33.1527	154.0
2.57261	32.8456	33.0
2.04757	32.8038	345.0
2.28446	32.7869	254.0
2.62668	32.7005	22.0
2.16724	33.0069	415.0
2.45434	32.7703	292.0
2.37892	33.0547	905.0
2.59115	33.2561	402.0
2.44245	33.1666	34.0
2.58576	32.664	188.0
2.1888	33.553	242.0
2.20696	33.4361	541.0
2.11704	33.5156	1625.0
2.44501	33.0158	31.0
2.34539	33.5502	202.0
2.27916	33.5715	289.0
2.46294	33.1304	90.0
2.63236	32.875	25.0
2.20702	33.4801	3132.0
2.5056	33.3998	507.0
2.55429	32.6673	71.0
2.41308	32.8035	212.0
2.13768	32.9441	717.0
2.45833	32.6987	269.0
2.47061	33.3636	2895.0
2.46951	33.2117	142.0
2.59439	33.4147	194.0
2.31283	33.5333	107.0
2.51232	33.3656	1218.0
2.05964	32.9586	1104.0
2.17998	33.3286	4114.0
2.2091	33.5756	296.0
2.59656	33.3744	295.0
2.45892	33.3418	163.0
2.23128	32.6701	543.0
2.50173	32.7875	40.0
2.32179	33.5013	406.0
2.42248	33.4127	498.0
2.45055	32.9208	183.0
2.26166	32.7571	305.0
2.32665	33.4155	1502.0
2.02514	32.7122	7277.0
2.07763	33.6413	4302.0
2.05586	32.6925	1243.0
2.57946	33.0502	136.0
2.36265	33.032	52.0
2.54197	32.6955	203.0
2.18633	33.6319	1559.0
2.46803	33.4039	476.0
2.10803	33.5423	1589.0
2.06957	33.5306	4154.0
2.19822	32.9256	94.0
2.17484	32.8319	190.0
2.3157	33.0068	409.0
2.04752	33.0609	1613.0
2.07728	32.9493	1673.0
2.03685	32.9653	1093.0
2.693	32.5671	286.0
2.0807	33.4943	598.0
2.08134	32.7085	211.0
2.19699	32.8981	96.0
2.24458	32.9961	299.0
2.09662	32.6575	1564.0
2.31122	33.1154	226.0
2.09481	33.4234	5503.0
2.20757	32.8216	1571.0
2.2345	33.571	189.0
2.34515	32.8199	64.0
2.39932	32.9458	20.0
2.12908	32.8798	161.0
2.05727	33.0225	763.0
2.67575	33.0963	108.0
2.31102	33.4507	482.0
2.29248	32.9372	112.0
2.17621	32.6512	1714.0
2.20506	33.156	1096.0
2.43199	33.1457	34.0
2.06774	32.7822	508.0
2.69824	32.8631	118.0
2.14875	33.279	64260.0
2.3853	32.8221	36.0
2.53463	33.2398	290.0
2.2493	33.1356	548.0
2.15778	33.4379	220.0
2.30883	32.7593	630.0
2.43077	33.0738	387.0
2.56693	32.7588	84.0
2.52039	32.6595	115.0
2.39572	33.0952	37.0
2.6891	32.6039	52.0
2.35631	32.8717	277.0
2.72647	32.6886	20.0
2.65272	32.5838	21.0
2.47592	32.8189	110.0
2.26897	32.7007	1089.0
2.51587	32.9294	26.0
2.19946	33.4035	948.0
2.07756	33.4562	434.0
2.36289	33.3862	597.0
2.3301	33.2899	391.0
2.70987	33.892	2705.0
3.0442	33.6169	643.0
2.09877	33.6853	789.0
2.6004	33.5731	991.0
3.06666	33.5306	765.0
3.14399	33.7392	3081.0
3.00082	33.1644	22.0
2.11754	33.6983	809.0
2.45705	34.1074	541.0
2.34196	34.1324	917.0
2.72714	33.9473	1715.0
2.62972	33.7483	2528.0
2.58409	34.0638	405.0
2.3544	33.8863	1349.0
2.35535	33.7821	169.0
2.11425	33.7593	889.0
2.47783	33.4209	327.0
2.06366	33.7744	1159.0
3.12586	33.4156	215.0
2.68316	33.5515	1541.0
2.68937	33.993	4308.0
2.78088	33.3179	189.0
2.46562	33.8617	418.0
2.39664	33.7382	371.0
2.48067	34.1875	675.0
3.03361	33.7909	1474.0
2.72204	33.8615	802.0
2.66801	33.9253	1435.0
2.60783	33.6954	1247.0
3.02014	33.1495	27.0
2.31309	33.6787	415.0
2.54815	33.545	514.0
2.25411	33.6886	3839.0
2.28077	33.8618	954.0
2.50963	33.4698	70.0
2.174	33.7281	851.0
2.51992	33.8246	266.0
2.93653	33.6231	2902.0
3.22825	33.467	130.0
2.43832	33.5579	107.0
2.54409	33.7449	641.0
2.67499	33.7969	922.0
2.52331	33.8463	1203.0
2.88294	33.6009	2383.0
2.53286	33.798	629.0
2.58864	33.8319	122.0
2.30949	33.949	927.0
2.33869	33.7679	277.0
2.6476	34.0179	462.0
2.12691	33.671	918.0
3.08252	33.3946	2984.0
2.44333	33.9499	22947.0
2.55915	34.1297	970.0
2.66252	34.0441	469.0
2.44794	33.6701	89.0
2.8448	33.49	739.0
2.47435	33.6966	1326.0
2.86938	33.4784	1833.0
2.50214	33.6448	138.0
2.73745	33.6846	2405.0
3.03951	33.7633	566.0
2.59015	33.7855	370.0
2.5285	33.9185	2112.0
2.57221	33.8	1485.0
2.16189	33.8008	162.0
2.35376	34.0357	1180.0
2.82097	33.4665	961.0
2.4595	33.8075	967.0
3.00072	33.639	1158.0
2.82558	33.4276	3260.0
2.07429	33.6685	1931.0
3.03488	33.348	73.0
2.59016	33.5998	269.0
3.01427	33.8165	2147.0
2.60727	33.9392	1384.0
2.14419	33.7432	477.0
3.16736	33.7598	426.0
2.70006	33.8722	563.0
2.31257	33.8878	1555.0
2.64675	33.7797	1423.0
2.51522	34.1504	281.0
2.65719	33.6953	1363.0
2.3383	34.0908	7889.0
2.50196	33.6137	341.0
2.05868	33.927	4795.0
2.64314	33.8526	192.0
2.6907	33.3408	168.0
2.49097	33.8647	483.0
2.54185	33.4098	94.0
2.40717	33.6821	303.0
2.40021	33.8271	1424.0
2.44983	33.4943	2442.0
2.3568	34.1162	3954.0
2.61642	33.8592	522.0
2.46164	33.5461	558.0
3.04768	33.7362	2118.0
2.08389	33.7752	731.0
2.39543	33.9088	373.0
2.67188	33.1681	207.0
2.70681	33.924	1144.0
2.67974	33.7684	1889.0
2.88669	33.3696	229.0
2.04809	33.813	1219.0
2.54718	33.4274	130.0
2.38886	34.0455	813.0
2.11162	33.9235	1958.0
2.76561	33.4788	7388.0
3.18916	33.4774	83.0
2.74766	33.1868	378.0
2.04192	33.7644	1281.0
2.77139	33.3488	566.0
2.87097	33.241	36.0
2.56661	33.5247	539.0
2.59232	33.7435	1434.0
2.98536	33.5547	528.0
2.40892	33.786	598.0
2.6751	33.9521	1752.0
2.92528	33.179	193.0
2.85037	33.5834	3856.0
2.81001	33.1973	137.0
3.01002	33.1837	453.0
2.65226	33.3699	322.0
2.43402	33.7344	4240.0
2.11419	33.8067	1551.0
2.99945	33.2063	44.0
2.73246	33.7093	3743.0
2.23067	33.7898	726.0
2.54041	34.0832	739.0
2.40084	33.8954	432.0
2.58432	33.6256	325.0
2.42789	34.079	3169.0
2.60205	34.09	1091.0
2.95848	33.64	8260.0
2.41986	33.8734	518.0
2.28866	33.936	2231.0
2.39053	33.557	107.0
2.45292	34.0604	496.0
2.57402	33.853	616.0
2.62093	33.9652	2369.0
2.41997	33.9307	1428.0
2.91601	33.562	6399.0
2.81532	33.504	32806.0
2.46763	33.842	536.0
2.72544	33.5479	420.0
3.02577	33.2543	229.0
2.84833	33.7682	1477.0
2.45876	33.8881	916.0
2.18127	33.862	3214.0
2.84153	33.5093	9471.0
2.49441	33.7933	331.0
2.21386	33.8276	1816.0
2.34443	33.7384	734.0
2.64296	33.9441	1107.0
3.1214	33.6374	214.0
2.68711	33.9018	1275.0
3.01932	33.7536	387.0
2.47592	33.8213	301.0
2.78164	33.5484	23323.0
2.7718	33.6091	2454.0
2.55727	33.6466	235.0
2.3774	33.9246	912.0
3.1568	33.4406	221.0
2.5193	33.7401	822.0
2.98989	33.6231	3092.0
2.36824	33.9982	1714.0
3.10156	33.4272	66.0
2.87682	33.5398	6127.0
2.46472	33.7353	825.0
3.04026	33.6935	1937.0
2.56593	33.7482	2349.0
2.70658	33.9502	258.0
2.28088	34.0094	1196.0
2.81684	33.5391	153317.0
2.66015	33.2473	299.0
2.7332	33.372	1713.0
2.88144	33.5006	1167.0
2.26319	33.9758	4163.0
2.45848	34.1461	998.0
3.12454	33.4571	1671.0
3.02512	33.6448	121.0
2.40147	33.968	12034.0
2.57639	33.695	1810.0
2.54588	33.4966	609.0
2.30894	34.0984	1168.0
2.17335	33.6868	780.0
2.13975	33.8425	1948.0
2.84288	33.4699	4009.0
2.87108	33.3889	311.0
2.79274	33.1093	184.0
2.71157	33.4779	2026.0
3.03452	33.5949	805.0
2.97364	33.3526	139.0
2.78896	33.2148	113.0
2.30329	33.6494	147.0
2.426	34.1034	643.0
2.3647	33.808	246.0
2.98435	33.449	1365.0
2.51579	33.7747	428.0
2.97937	33.6609	1464.0
2.17724	33.9374	1973.0
2.58887	33.5086	31.0
2.80111	33.2786	71.0
2.36323	33.696	758.0
2.29036	33.6631	466.0
2.42342	33.6422	117.0
2.71541	33.7894	686.0
2.43051	33.9148	1367.0
2.81472	33.2487	107.0
2.65848	33.4874	1039.0
2.85068	33.1774	1175.0
2.76616	33.7916	405.0
2.871	33.5699	18741.0
2.45373	33.9099	831.0
2.38076	33.8657	725.0
2.26596	33.8122	535.0
2.72823	33.3313	251.0
2.80665	33.7886	1708.0
3.20574	33.4059	163.0
2.23432	33.8618	1411.0
2.68447	33.6748	7495.0
2.20354	33.7402	500.0
2.99	33.1323	20.0
2.7533	33.2831	921.0
2.76185	33.1447	166.0
2.17116	33.7842	516.0
2.3849	33.4959	249.0
2.59372	33.8774	701.0
2.54969	34.1568	2178.0
2.68619	33.6148	383.0
2.89713	33.5783	3827.0
2.54892	33.9577	351.0
2.84965	33.4487	335.0
3.17068	33.3784	1101.0
2.80674	33.3404	402.0
2.36114	33.6145	99.0
2.70155	33.8237	1286.0
2.55647	33.8278	346.0
2.78735	33.6346	98.0
2.19401	33.7795	782.0
2.43172	34.0333	418.0
2.60699	34.0277	3034.0
3.05938	33.7272	304.0
2.59388	33.6387	361.0
2.93842	33.386	130.0
2.83892	33.3142	1523.0
2.82055	33.3074	339.0
2.47345	33.7741	511.0
3.11809	33.7829	161.0
2.87395	33.2641	5190.0
2.6686	33.7342	1617.0
2.90654	33.5456	614.0
2.48213	33.5649	340.0
2.91053	33.291	389.0
2.43801	33.7902	321.0
2.52734	33.6115	284.0
2.47229	33.9104	1823.0
2.8086	33.3694	377.0
2.56567	33.5935	393.0
2.84593	33.428	1203.0
2.8407	33.3498	495.0
2.73337	33.5966	2104.0
2.49656	34.0989	530.0
2.95879	33.2953	83.0
2.39375	33.7552	228.0
3.02566	33.4011	138.0
3.02331	33.4336	16.0
2.61642	33.7778	754.0
2.241	33.9113	1353.0
3.11478	33.4876	153.0
2.20554	33.7049	642.0
2.32035	33.7115	796.0
2.67766	33.8323	863.0
2.59999	33.8463	353.0
2.37567	34.0219	498.0
2.50798	34.1886	420.0
2.64345	33.8767	648.0
2.57276	34.0393	696.0
2.03549	33.7179	6351.0
2.95439	33.1464	137.0
2.35958	33.7168	288.0
2.74506	33.1511	111.0
3.04099	33.3018	126.0
3.00015	33.6525	390.0
2.86583	33.3167	1202.0
2.63915	33.8112	974.0
3.15619	33.7004	139.0
2.27642	33.7351	469.0
2.54384	33.6694	182.0
2.85831	33.5064	2081.0
2.61806	33.6037	917.0
2.30575	33.7417	583.0
2.78252	33.6744	586.0
2.88553	33.251	226.0
3.06773	33.7782	6435.0
2.76902	33.883	2504.0
2.35462	34.0996	4540.0
2.80422	33.4821	11612.0
2.15061	33.8834	5067.0
2.50461	33.4156	917.0
2.54162	34.1832	1251.0
2.81428	33.1418	139.0
2.55652	33.4487	89.0
2.74315	33.878	832.0
2.24272	33.7569	620.0
2.81296	33.6423	479.0
2.85011	33.263	312.0
2.82616	33.6129	740.0
2.9566	33.201	49.0
2.53984	33.6309	74.0
2.65378	33.7163	791.0
2.62908	33.684	3332.0
2.61179	33.4742	298.0
2.97585	33.526	1162.0
2.24169	33.721	842.0
2.08462	33.8282	1577.0
2.62477	33.7115	5620.0
2.64634	33.5778	469.0
2.34698	33.9276	1548.0
2.01693	33.7998	1819.0
2.56133	33.9356	863.0
2.75246	33.2452	193.0
2.74644	33.9132	1235.0
2.06432	33.7277	7437.0
2.60614	33.5384	532.0
2.2994	33.8546	305.0
2.42544	33.6012	1231.0
2.50177	33.9389	3762.0
2.03694	33.671	1539.0
3.01696	33.5698	455.0
2.41497	33.8881	674.0
2.39821	33.9403	1760.0
2.01047	33.7667	840.0
2.79627	33.8499	368.0
2.65399	33.3085	123.0
2.4993	33.4387	297.0
2.65824	33.8977	1961.0
2.40998	33.8497	399.0
2.39922	33.525	910.0
2.4346	33.5391	319.0
2.84134	33.2456	57.0
2.76838	33.7582	872.0
2.28364	33.6909	765.0
2.90282	33.3982	530.0
2.49461	34.1327	570.0
2.87067	33.1467	232.0
2.96546	33.7107	468.0
2.64368	33.7315	853.0
2.57857	33.8954	764.0
2.40746	33.4751	449.0
2.78281	33.8253	628.0
2.67749	33.7129	960.0
2.5161	33.9886	2892.0
3.26133	33.2959	106.0
2.87867	33.7631	720.0
2.61842	33.9198	2677.0
2.02472	33.7841	3605.0
2.34277	33.6239	248.0
2.5021	33.8118	208.0
2.62221	33.8985	1419.0
2.78756	33.5882	15517.0
2.74756	33.7325	2478.0
2.50811	33.6966	2240.0
2.74673	33.8128	1979.0
2.51584	33.6625	410.0
2.81905	33.3955	1887.0
2.28101	33.9085	2840.0
2.63317	33.5459	377.0
2.7139	33.3047	270.0
2.45882	34.0217	413.0
2.49118	33.7409	1106.0
2.42693	33.4458	1760.0
2.94886	33.6692	1248.0
2.90369	33.319	779.0
2.90749	33.6076	5935.0
2.77121	33.8587	620.0
2.33764	33.8479	3857.0
2.70661	33.6911	2680.0
2.57881	33.935	980.0
2.84642	33.3754	451.0
2.85001	33.2168	242.0
2.94822	33.5666	203.0
2.79265	33.7167	961.0
2.2874	33.7803	111.0
2.77197	33.7004	443.0
2.21755	33.935	2242.0
2.45206	33.4324	1025.0
2.3728	33.4492	1031.0
2.83019	33.7328	4222.0
2.92447	33.2474	372.0
2.97909	33.2156	22.0
2.41552	33.9951	1254.0
2.48147	33.5065	6955.0
3.02882	33.7407	568.0
2.99242	33.7617	204.0
2.72431	33.2082	118.0
2.7824	33.8446	208.0
2.85462	33.5343	35777.0
2.93186	33.5108	4794.0
2.81355	33.5755	5187.0
2.76659	33.1227	162.0
2.02887	33.7408	5515.0
3.0909	33.7822	539.0
2.51619	33.6533	247.0
2.9859	33.2332	30.0
2.71197	33.2258	143.0
2.99555	33.5646	314.0
2.92495	33.6173	2342.0
2.72973	33.7595	782.0
2.74503	33.5216	805.0
2.67131	33.8689	496.0
2.92412	33.6527	408.0
2.74588	33.4224	1845.0
2.57765	33.6658	295.0
2.73332	33.2866	220.0
3.08872	33.715	2282.0
2.46885	33.6529	627.0
2.88166	33.6865	770.0
2.53781	33.4772	355.0
2.90346	33.236	104.0
2.85556	33.4076	674.0
2.92511	33.7403	478.0
2.05009	33.7931	892.0
2.30498	33.9861	5841.0
2.67651	33.6334	1231.0
2.39966	34.0982	2749.0
2.12243	33.7395	246.0
2.48175	33.4603	1410.0
2.50373	33.5016	1676.0
2.48277	33.9729	2752.0
2.89181	33.2121	178.0
2.43647	33.6776	2498.0
2.61018	33.9821	448.0
2.16321	33.8233	700.0
2.72555	33.8242	411.0
2.86667	33.3513	342.0
2.50189	33.5369	1441.0
2.53906	33.8891	1669.0
2.6297	34.0497	849.0
3.01666	33.7305	1360.0
2.51195	34.0153	932.0
2.05565	33.6934	3646.0
3.0451	33.2065	76.0
2.94154	33.2223	241.0
2.87139	33.6224	942.0
2.85065	33.6405	141.0
2.40057	33.7114	600.0
2.76025	33.5685	9735.0
2.31936	34.0297	1651.0
2.26213	33.8507	572.0
2.9099	33.43	760.0
2.38008	33.7826	291.0
2.20172	33.8965	1471.0
2.50344	33.9021	611.0
2.55547	34.0145	1168.0
2.1462	33.9058	1240.0
2.77641	33.5291	13074.0
2.78076	33.5109	6850.0
2.08338	33.908	1889.0
2.47674	34.0765	496.0
2.92976	33.2674	116.0
2.54345	33.6998	1405.0
2.7677	33.304	579.0
2.51331	34.0499	574.0
2.45132	33.4719	590.0
2.14516	33.7067	959.0
2.8933	33.2731	124.0
2.50017	33.8809	548.0
2.85772	33.2872	1472.0
2.53002	33.5331	493.0
3.01713	33.668	897.0
2.99309	33.6813	1913.0
3.06269	33.6564	1572.0
2.34609	33.6657	562.0
2.36609	34.0819	4838.0
2.55204	33.8688	449.0
2.58485	33.9243	6553.0
3.00571	33.7077	2824.0
2.43983	33.8639	474.0
2.77357	33.2635	129.0
2.86632	33.096	172.0
2.48533	34.0365	1540.0
2.83421	33.5663	6433.0
2.62691	33.6474	7068.0
2.98007	33.2609	440.0
2.23744	33.9554	2073.0
2.66028	33.8432	458.0
2.93149	33.3049	58.0
3.12249	33.2458	156.0
2.50255	33.581	643.0
2.78261	33.4479	5341.0
2.59127	33.9777	300.0
2.55842	33.614	339.0
3.13521	33.5455	311.0
2.89529	33.4562	1173.0
2.9169	33.4732	3096.0
2.37006	33.9642	2216.0
2.75537	33.8409	414.0
2.44551	34.0069	382.0
2.8929	33.5307	677.0
3.14534	33.3372	941.0
2.43716	34.1226	174.0
2.13093	33.78	888.0
2.33818	33.9846	5691.0
2.93161	33.5807	3809.0
2.51634	34.2156	469.0
2.71889	33.6245	1317.0
2.6585	33.9782	1482.0
2.40425	34.0263	240.0
2.60574	34.0026	1509.0
2.11453	33.8693	29975.0
2.7816	33.4013	6478.0
2.56619	33.9791	706.0
2.95745	33.6008	6904.0
2.67411	33.418	3798.0
3.08266	33.371	41.0
3.08293	33.4532	57.0
3.06198	33.3902	31.0
2.90171	33.3462	272.0
2.3391	33.9652	17766.0
2.40918	34.0596	1392.0
2.31146	33.8122	881.0
2.09721	33.7253	1009.0
2.30397	34.1326	3906.0
2.14087	33.9366	1173.0
2.55788	33.5686	3525.0
2.61403	33.8219	940.0
2.38591	33.6557	1207.0
2.86901	33.4324	7465.0
2.70275	33.732	19794.0
2.80452	33.8312	208.0
2.75251	33.6441	9231.0
2.65362	33.6696	1548.0
2.96103	33.4769	518.0
1.49077	33.7598	234.0
1.3277	34.1402	143.0
1.29105	34.4426	1728.0
1.41702	34.2179	238.0
1.6122	33.882	9153.0
1.3794	33.7367	304.0
1.6187	34.4725	134.0
1.27381	34.3465	107.0
1.41681	34.1111	461.0
1.69751	33.9169	1271.0
1.53299	34.1719	2616.0
1.38142	33.9371	578.0
1.63896	33.9874	1464.0
1.71715	34.5023	211.0
1.66888	34.5031	1501.0
1.4216	34.4953	444.0
1.81242	33.7251	414.0
1.97096	33.7412	292.0
1.39029	34.0937	3112.0
1.55583	33.9708	828.0
1.48186	33.8597	880.0
1.56855	33.8695	3816.0
1.85445	33.6524	2767.0
1.55886	34.437	158.0
1.44568	34.4846	1681.0
1.37894	34.2687	298.0
1.84756	33.6127	342.0
1.60129	34.1821	1302.0
1.41313	34.1382	441.0
1.58014	33.7628	273.0
1.82548	33.8701	1466.0
1.6321	34.4579	698.0
1.17883	34.1911	111.0
1.35439	34.1441	157.0
1.84308	33.8831	411.0
1.43463	34.0167	443.0
1.52616	33.9854	454.0
1.23698	34.0404	485.0
1.18542	34.0973	53.0
1.52623	34.0414	369.0
1.57272	33.7995	762.0
1.64974	33.9209	1358.0
1.65847	33.7359	14090.0
1.1821	34.0851	46.0
1.42636	33.9861	1471.0
1.25237	34.1956	260.0
1.54725	34.4849	1381.0
1.2968	34.4817	582.0
1.37051	33.8049	108.0
1.97901	33.8275	333.0
1.52465	34.5047	3582.0
1.91327	33.8644	1445.0
1.36783	33.9842	259.0
1.76636	33.937	108.0
1.98913	33.769	2288.0
1.38651	33.8884	177.0
1.69298	33.9752	4801.0
1.45865	33.8327	312.0
1.29063	34.3071	445.0
1.72226	33.9368	845.0
1.61635	34.2561	364.0
1.97181	33.8053	587.0
1.57668	34.1103	1129.0
1.53099	34.1044	454.0
1.87985	33.7046	269.0
1.59784	34.3598	283.0
1.43222	34.3323	2792.0
1.43348	34.2826	779.0
1.45779	34.3538	7375.0
1.24058	34.1122	83.0
1.62872	34.1377	551.0
1.55275	34.4131	1024.0
1.5702	33.9208	900.0
1.32022	34.2554	904.0
1.5556	34.2492	224.0
1.24562	34.5076	295.0
1.60166	34.4631	590.0
1.60321	33.9524	1389.0
1.41226	34.2476	110.0
1.94259	33.9082	409.0
1.33329	34.0995	136.0
1.87494	33.7679	645.0
1.6323	34.4904	413.0
1.42266	33.9335	1111.0
1.55037	34.1338	543.0
1.38296	33.9627	587.0
1.66399	34.1024	434.0
1.39751	33.7779	520.0
1.69127	33.8426	2519.0
1.88656	33.8341	1139.0
1.56908	34.0757	7669.0
1.6232	33.7274	19297.0
1.74129	33.89	576.0
1.64749	33.8493	4234.0
1.60673	34.2844	548.0
1.59868	33.7314	3939.0
1.72688	33.9038	217.0
1.85043	33.7098	134.0
1.74995	33.9208	751.0
1.84957	33.8512	4962.0
1.60837	34.4117	745.0
1.51213	33.9605	105.0
1.3399	34.2035	228.0
1.36463	33.8728	253.0
1.54586	33.9388	596.0
1.32896	34.1148	109.0
1.83217	33.84	4639.0
1.58815	34.4403	354.0
1.64695	34.0882	177.0
1.22605	34.0757	103.0
1.68483	33.6682	1038.0
1.29531	34.2301	209.0
1.41936	33.8877	77.0
1.57916	34.3136	648.0
1.37027	34.0863	350.0
1.36218	34.3305	1351.0
1.33596	33.9384	126.0
1.43231	33.9069	1153.0
1.86398	33.863	4843.0
1.97079	33.7241	251.0
1.32464	34.2233	143.0
1.447	33.7987	766.0
1.436	34.4303	7624.0
1.64293	34.2675	361.0
1.96796	33.7113	1306.0
1.52506	34.0143	304.0
1.58015	34.5153	296.0
1.98948	33.7361	477.0
1.78348	33.9207	515.0
1.40825	34.032	974.0
1.56569	34.009	359.0
1.38303	34.0473	564.0
1.42944	33.8712	510.0
1.67561	34.0069	566.0
1.71357	33.6419	1305.0
1.41851	33.8198	331.0
1.58773	34.4877	551.0
1.40446	33.7205	235.0
1.52339	34.1339	237.0
1.56803	34.3727	1111.0
1.37545	33.8057	75.0
1.44391	33.9465	14589.0
1.65564	34.1676	425.0
1.58238	33.9814	4031.0
1.44756	34.056	759.0
1.48201	34.0165	294.0
1.52234	34.4376	333.0
1.52063	34.298	443.0
1.57318	34.1791	447.0
1.50119	34.1538	785.0
1.52224	34.241	1146.0
1.38496	34.4784	719.0
1.24639	34.3722	163.0
1.16952	34.1448	1637.0
1.37637	34.1603	133.0
1.49327	34.3305	510.0
1.37834	34.3526	1015.0
1.28016	34.5189	1168.0
1.32204	34.0844	52.0
1.66847	34.138	2860.0
1.45772	34.327	507.0
1.93586	33.816	260.0
1.93492	33.7726	3356.0
1.50226	33.7953	1083.0
1.50194	34.3801	2075.0
1.49473	34.2122	273.0
1.7407	33.7362	852.0
1.44748	34.1735	374.0
1.50885	34.071	754.0
1.57618	34.1444	989.0
1.36311	34.3845	1598.0
1.49138	34.4729	2720.0
1.52383	34.3415	608.0
1.40088	34.0043	680.0
1.50788	33.935	775.0
1.55329	34.3393	1617.0
1.30702	34.3839	2653.0
1.68912	33.7534	8438.0
1.41196	34.3811	10074.0
1.59099	33.9347	406.0
1.89199	33.8717	14383.0
1.44907	34.3826	38896.0
1.31865	33.9611	253.0
1.65327	33.7743	10083.0
1.93316	33.7406	698.0
1.47831	33.7236	359.0
1.60934	34.1468	1268.0
1.2497	34.5716	222.0
1.35138	34.0795	983.0
1.63474	34.1798	117.0
1.42597	34.0869	813.0
1.32638	34.3435	953.0
1.32783	34.3644	1741.0
1.60178	33.9926	1182.0
1.92773	33.6948	526.0
1.6537	34.0638	582.0
1.23821	34.4657	364.0
1.43648	33.7718	1562.0
1.32216	33.9995	750.0
1.65763	33.8884	1257.0
1.80112	33.819	37378.0
1.77157	33.8831	1365.0
1.61794	34.2088	420.0
1.91265	33.8257	351.0
1.57351	33.8869	2125.0
1.47088	34.3017	773.0
1.64418	34.2308	274.0
1.62308	34.0219	789.0
1.55224	34.5136	1293.0
1.7396	33.9583	548.0
1.26989	34.1336	407.0
1.70102	33.7782	180210.0
1.46414	34.0837	751.0
1.33419	34.4752	416.0
1.47513	34.1202	354.0
1.6448	33.9502	5293.0
1.65763	33.8036	5672.0
1.74242	33.6967	2691.0
1.86351	33.8849	3104.0
1.47308	34.1939	281.0
1.32455	34.049	460.0
1.46046	33.8889	1122.0
1.70283	34.5392	202.0
1.39996	34.173	1488.0
1.35149	34.4453	1101.0
1.3115	34.4014	570.0
1.30128	34.4101	810.0
1.69918	33.8787	3722.0
1.43426	33.7161	259.0
1.53313	34.4595	399.0
1.75649	33.8056	6089.0
1.20997	34.1156	387.0
1.37105	34.296	1022.0
1.39384	33.8461	726.0
1.48726	34.2284	604.0
1.90033	33.9043	1623.0
1.37626	34.1917	258.0
1.23191	34.1618	451.0
1.897	33.6741	1132.0
1.284	34.0738	317.0
1.2536	34.2638	1281.0
1.58159	34.2322	1420.0
1.57491	34.0334	480.0
1.3054	34.1158	248.0
1.38384	34.38	943.0
1.53899	34.2027	691.0
1.2811	34.2116	264.0
1.52273	33.8365	3373.0
1.22958	34.5427	956.0
1.87654	33.9016	3424.0
1.31647	34.1776	898.0
1.68845	34.0759	693.0
1.53742	33.7556	1277.0
1.6842	33.9387	806.0
1.99487	33.7921	637.0
1.4527	33.7521	585.0
1.48731	34.4992	1571.0
1.45244	34.2303	299.0
1.45759	34.0173	98.0
1.58124	33.7421	1304.0
1.86652	33.8201	4129.0
2.00352	33.7278	1306.0
1.46753	34.5191	323.0
1.36801	34.2497	194.0
1.69174	33.823	5812.0
1.16828	34.284	442.0
1.47158	34.2624	274.0
1.22518	34.1421	106.0
1.59092	33.8371	13192.0
1.76289	33.6398	337.0
1.24718	34.4076	110.0
1.23075	34.2261	270.0
1.8338	33.9123	926.0
1.37981	34.4199	1395.0
1.4928	33.9041	2803.0
1.69072	33.7135	816.0
1.7996	33.6211	1105.0
1.36266	34.1142	583.0
1.56116	34.2833	1427.0
1.45531	33.9165	517.0
1.28802	34.1591	181.0
1.61518	34.3463	896.0
1.47754	34.3484	878.0
1.20365	34.1953	424.0
1.61786	34.0785	393.0
1.61059	34.1035	488.0
1.26626	34.0073	429.0
1.46741	33.9674	2565.0
1.62501	34.4365	582.0
1.43659	33.8521	470.0
1.74581	33.8479	7399.0
1.37369	34.2198	310.0
1.53468	33.8889	4805.0
1.73474	33.8261	6700.0
1.79259	33.7117	412.0
1.93884	33.8998	596.0
1.86706	33.798	653.0
1.83976	33.6861	146.0
1.7133	33.8364	1163.0
1.4526	33.771	424.0
1.38402	34.0676	537.0
1.22589	34.296	321.0
1.57068	33.953	237.0
1.60808	33.7549	8339.0
1.28424	34.5854	140.0
1.3286	33.7382	1232.0
1.61609	34.0518	518.0
1.8085	33.8901	516.0
1.25377	34.0993	121.0
1.82076	33.7554	741.0
1.62326	33.9092	8061.0
1.59098	33.9091	740.0
1.49421	34.2722	237.0
1.91524	33.7206	582.0
2.00238	33.8084	577.0
1.37508	33.9139	540.0
1.806	33.6714	324.0
1.67346	33.8168	8494.0
1.3295	34.32	935.0
1.40616	34.335	4243.0
1.56936	34.4634	512.0
1.67289	34.1954	1343.0
1.69935	34.0009	333.0
1.67082	34.0333	465.0
1.32851	34.5183	260.0
1.48463	34.432	1499.0
1.19237	34.2404	277.0
1.72683	34.1851	248.0
1.7344	34.6179	232.0
2.07268	34.2066	2673.0
1.92436	34.2589	690.0
1.99619	34.2706	427.0
1.65337	34.3064	4948.0
2.0509	33.85	2178.0
1.80348	34.1735	475.0
1.97057	34.2844	4744.0
1.88884	34.1772	5777.0
1.82776	34.5281	483.0
1.97185	34.3588	3106.0
1.77771	34.0244	940.0
1.88109	34.5348	106.0
1.72134	34.5311	116.0
1.89635	34.2507	701.0
1.86633	34.4955	1905.0
1.98949	34.4407	5840.0
1.93573	34.2134	613.0
1.8386	34.1177	1830.0
1.83893	34.14	395.0
1.90771	34.3739	1205.0
1.86122	34.2611	1823.0
1.62035	34.3809	2670.0
1.87426	34.2334	363.0
2.00793	34.0212	11207.0
1.96843	34.064	4555.0
2.13965	34.0787	37369.0
1.79306	34.1062	574.0
1.81281	34.0893	752.0
1.86592	34.2016	1739.0
2.11559	34.2051	2172.0
2.09079	34.1418	41233.0
1.93086	34.6162	328.0
1.93747	34.4658	856.0
1.80541	34.3563	617.0
1.69626	34.1189	714.0
1.79556	34.3263	575.0
2.0341	34.1414	4955.0
1.67942	34.3898	157.0
1.79406	33.9938	382.0
2.00288	34.0519	7832.0
2.00068	34.126	4377.0
1.95448	34.4223	993.0
2.03842	33.9949	3874.0
1.93194	34.2357	964.0
1.9893	33.9509	1064.0
2.02191	34.2172	2590.0
1.91664	34.2131	1873.0
1.91139	33.9811	933.0
1.96999	34.2177	3903.0
1.97118	34.5549	442.0
1.78924	34.5087	315.0
1.99852	34.2349	1073.0
1.89342	34.2322	1313.0
1.87899	34.1166	471.0
1.92662	34.5243	349.0
1.97292	34.198	1299.0
1.80594	34.4381	554.0
1.88491	34.329	941.0
1.77349	33.9599	616.0
2.08105	34.1671	3420.0
2.01391	33.8209	3424.0
1.98558	34.4927	745.0
1.66107	34.4493	4241.0
1.85805	34.084	1134.0
2.06231	34.1908	2609.0
1.989	34.0898	8002.0
1.70261	34.3642	1047.0
2.06089	34.2105	897.0
2.00335	34.1561	7589.0
1.78844	34.2482	370.0
1.92391	34.3452	1256.0
1.76415	34.3045	112.0
1.97639	34.1807	2288.0
2.02476	34.4935	717.0
1.81641	34.0242	660.0
1.99053	33.8971	1141.0
2.02327	34.1256	18011.0
1.93921	34.5633	215.0
1.89956	34.1659	794.0
1.95716	34.534	1190.0
2.08669	34.2019	1286.0
1.92605	34.1818	2025.0
2.09182	34.1854	2721.0
2.09214	34.1735	6721.0
2.01119	34.0812	11324.0
1.90303	34.264	818.0
2.01518	33.9284	18437.0
1.95447	34.3319	8050.0
1.76331	34.3735	1033.0
1.95751	34.0908	4133.0
1.73178	34.0057	742.0
2.03638	33.9529	7873.0
1.99699	33.8583	608.0
1.74451	34.0599	333.0
1.71948	34.058	1182.0
2.06102	34.0192	8330.0
1.90552	34.3115	537.0
1.68695	34.2337	605.0
1.96635	34.5808	792.0
1.9356	34.5816	384.0
1.9193	34.329	852.0
1.94468	34.2691	769.0
1.80273	34.394	871.0
1.98328	34.5127	671.0
1.89592	34.4945	626.0
1.81135	33.9539	1477.0
1.85805	34.2454	449.0
1.93976	34.1553	4719.0
1.81868	34.3133	758.0
1.93275	34.3097	1392.0
1.9781	34.3145	4151.0
2.02358	34.1729	2733.0
2.00169	34.1973	3090.0
2.03382	33.8927	2126.0
1.94977	33.8522	763.0
1.73726	34.1271	511.0
1.95204	34.1954	2157.0
1.97145	34.2555	1368.0
2.07666	34.0991	445452.0
1.84782	34.4478	363.0
1.98814	34.2119	831.0
1.94337	34.2554	574.0
1.97462	34.1287	3091.0
1.66472	34.4095	470.0
1.65645	34.3719	569.0
1.73193	34.3856	163.0
1.94207	34.0429	2696.0
1.71568	34.026	637.0
2.03033	33.9745	3411.0
1.87905	34.2674	178.0
1.80845	34.5618	895.0
2.0059	33.9703	2322.0
1.87945	34.3586	367.0
1.82712	34.0543	365.0
1.76874	34.1427	1358.0
1.96475	34.2371	1687.0
1.94357	33.9608	4672.0
2.05599	34.0796	6733.0
2.08015	34.2274	7062.0
1.9043	34.1903	503.0
1.91759	34.4338	735.0
1.86705	34.2929	523.0
1.81899	34.2253	662.0
1.98307	34.0054	1976.0
2.04955	34.0594	25183.0
1.86698	34.5643	325.0
1.86302	34.4102	1020.0
2.06787	34.0458	9963.0
2.04165	34.1977	859.0
1.93017	34.1113	1580.0
1.7536	33.9899	824.0
1.95298	34.2988	1804.0
1.795	34.2182	2136.0
1.63898	34.408	548.0
1.91728	34.2971	721.0
1.76266	34.4829	834.0
1.7555	34.532	419.0
1.88701	34.4529	1121.0
2.02411	34.2559	2657.0
1.71375	34.4657	267.0
1.91483	34.4856	905.0
1.87309	33.9448	267.0
1.86365	34.3477	488.0
2.07586	34.1878	1134.0
1.70454	34.3281	596.0
1.89672	34.0005	896.0
1.87978	34.1528	1919.0
1.90639	34.3855	629.0
1.84466	34.2282	784.0
1.69299	34.2658	575.0
1.85372	34.1619	1797.0
1.95795	34.0206	3214.0
1.90897	34.1407	1762.0
1.75572	34.0464	578.0
1.96154	33.9347	1379.0
1.87944	33.9765	182.0
1.73571	34.3188	110.0
1.77384	34.6053	384.0
1.72939	34.4163	273.0
1.85854	33.9482	856.0
1.82589	34.5928	233.0
1.72012	34.5647	213.0
1.73065	34.0993	536.0
1.76261	34.2674	546.0
2.09644	33.8736	1808.0
1.95823	34.1175	1608.0
2.06092	34.1627	5392.0
1.82814	34.3726	107.0
2.07343	33.8639	960.0
2.04459	34.1573	6154.0
1.88813	33.9395	1148.0
1.8259	34.4852	402.0
1.92748	34.402	1519.0
1.89891	34.4164	608.0
2.08765	34.0426	15671.0
1.76787	34.1953	1353.0
1.77008	34.0493	1167.0
2.03968	34.0778	21193.0
1.79424	34.0585	860.0
2.03794	34.0373	19221.0
1.98597	34.1047	4743.0
1.98112	34.397	3832.0
2.04677	34.224	2385.0
1.89258	34.2049	1123.0
1.74734	34.5754	553.0
1.88529	34.5949	112.0
1.98306	34.4667	2275.0
1.94969	34.2179	381.0
1.94357	33.9183	616.0
1.65847	34.3437	862.0
1.92191	34.3633	768.0
1.80656	34.1424	507.0
1.75725	34.3417	631.0
1.94426	34.4513	874.0
1.9535	33.9863	1768.0
1.76867	34.0805	1703.0
1.90514	34.0549	215.0
1.84809	34.2794	726.0
1.78675	34.2354	864.0
1.85734	34.5856	59.0
1.73275	34.2152	508.0
1.84705	34.0023	3429.0
1.9188	33.9246	2100.0
1.76455	34.4246	641.0
1.84831	34.3125	245.0
1.89646	34.1246	1983.0
2.0599	34.1788	948.0
1.8235	34.1971	1203.0
2.06943	33.8826	1380.0
1.96927	33.9115	512.0
1.90706	33.964	687.0
1.75768	33.9751	3069.0
1.81268	34.2647	993.0
1.70257	34.415	650.0
1.98499	33.9812	1870.0
2.01523	34.4645	572.0
1.73259	34.2452	10420.0
2.01085	34.1077	15977.0
1.81517	34.2902	625.0
1.90193	34.2822	999.0
1.69081	34.4551	293.0
1.64272	34.3681	2483.0
1.90454	34.027	2451.0
1.97494	34.1549	3402.0
1.8534	34.6116	101.0
1.95684	33.8804	558.0
2.02588	33.8395	441.0
1.73114	34.289	714.0
1.91876	34.0751	4175.0
2.15161	34.1294	39154.0
1.86099	34.3868	766.0
1.9125	34.5556	275.0
2.11476	34.0473	56061.0
2.0554	33.9933	4000.0
1.81993	34.5041	127.0
1.72145	34.1584	610.0
1.99036	34.3286	30647.0
1.87701	34.3114	640.0
2.1205	34.1143	124215.0
1.93922	34.499	1614.0
2.02142	34.0017	2743.0
1.88038	34.0525	769.0
2.17178	33.9749	3317.0
2.18233	34.082	9049.0
2.07924	33.9442	3883.0
2.13729	34.0134	9259.0
2.18075	34.1144	24193.0
2.09586	34.0172	8469.0
2.22751	34.0743	11140.0
2.07738	34.2411	4657.0
2.24831	34.1347	5363.0
2.2786	34.1457	1094.0
2.13567	33.9694	1483.0
2.21936	34.1199	28009.0
2.17157	34.0094	10283.0
2.10189	34.2216	2335.0
2.27111	34.0992	3098.0
2.1287	34.1645	28367.0
2.2319	34.0402	5597.0
2.26397	34.0284	4694.0
2.22055	33.9907	4133.0
2.17124	34.046	40974.0
2.10515	33.9877	5063.0
2.11243	34.1726	4336.0
2.1151	34.1848	1693.0
2.06731	33.972	2388.0
2.10573	33.9578	1258.0
2.07951	33.9907	2256.0
2.05265	33.9511	4618.0
2.19894	34.0021	2019.0
2.30082	34.0638	2083.0
2.89379	33.9	191.0
3.30369	33.8907	901.0
3.47841	33.8788	2664.0
3.12177	33.9625	337.0
3.1215	34.0034	169.0
3.5639	33.9109	3229.0
3.26109	33.9286	1163.0
2.96438	34.0481	25732.0
2.99256	34.1397	2650.0
3.38207	34.0227	17340.0
3.3508	33.5995	57.0
3.33591	33.5484	382.0
3.35704	34.0671	177.0
3.5418	33.7297	1869.0
2.99861	33.855	890.0
3.11124	33.8638	713.0
3.32858	33.8474	688.0
3.09801	34.0735	289.0
3.19295	33.7675	704.0
2.86609	33.8657	418.0
3.66158	33.6207	628.0
3.42444	33.8214	716.0
2.79468	33.9202	384.0
3.67633	33.5432	340.0
2.84092	33.9214	278.0
2.79922	34.0234	178.0
2.99787	33.9052	4663.0
3.03326	33.9237	2958.0
2.99916	33.9294	3503.0
3.44169	33.9941	2022.0
2.85969	33.8339	224.0
3.54753	34.0437	1985.0
3.16366	34.0913	454.0
3.66164	33.8979	793.0
2.77734	33.9153	405.0
3.92482	33.6601	311.0
3.20131	33.8815	203.0
2.89026	34.0685	269.0
2.97563	34.1091	1760.0
3.46691	33.8431	270.0
3.40637	33.8758	103.0
3.96229	33.754	242.0
3.3223	33.9391	247.0
3.31242	33.9192	69.0
2.92213	34.0283	435.0
2.91764	33.9937	3945.0
3.22722	33.8387	125.0
3.24233	33.9086	400.0
3.68474	34.024	6747.0
3.59332	33.8221	1854.0
3.7546	33.5537	362.0
3.52105	33.8157	593.0
2.83153	33.8783	1088.0
2.94606	34.0896	1864.0
3.3925	34.0588	357.0
2.94836	34.161	331.0
3.46128	33.9669	687.0
3.03432	33.9035	3931.0
2.97238	33.9365	55786.0
3.29798	33.7242	1111.0
3.2187	33.9202	383.0
3.23988	33.8936	678.0
2.77233	33.9758	379.0
3.70096	33.8136	585.0
3.22312	33.8636	21.0
2.87425	34.1525	442.0
3.29735	33.7819	268.0
3.10914	33.8029	439.0
2.92169	34.0664	134.0
3.64468	33.9594	368.0
2.84354	33.9987	84.0
3.1999	33.9033	576.0
3.36973	33.6842	134.0
3.15277	34.0315	546.0
3.10706	33.8486	393.0
3.29137	33.7524	206.0
3.06013	33.8766	758.0
2.91347	34.161	1092.0
3.27507	34.0029	226.0
2.95749	33.9126	5900.0
3.45916	34.1203	138.0
3.15932	33.8813	945.0
3.17198	34.0131	217.0
2.89301	34.1434	169.0
2.90883	33.7926	109.0
3.60421	33.9718	661.0
3.47443	34.147	418.0
3.14772	33.8304	181.0
3.12816	33.8859	969.0
3.05603	33.9138	613.0
3.04459	33.9931	662.0
3.1297	33.8037	286.0
2.80317	33.8889	1367.0
3.19178	34.0494	74.0
2.9971	34.0131	1966.0
2.84191	33.8999	333.0
2.83569	33.8026	1248.0
3.20359	33.9834	238.0
2.95434	33.8158	517.0
3.0095	34.0887	290.0
3.32149	33.8108	578.0
3.39748	33.9828	654.0
3.16785	33.8186	289.0
3.45968	33.9357	505.0
3.51406	33.8338	161.0
3.48543	34.1908	769.0
3.47405	33.824	121.0
3.2862	33.605	504.0
3.58712	33.5442	883.0
3.07548	33.846	686.0
3.56493	33.5449	85.0
3.22205	33.9474	435.0
3.30452	33.9869	1582.0
2.82989	33.9584	322.0
3.46725	34.2301	488.0
3.33846	34.008	2457.0
3.5639	33.9622	308.0
2.78477	33.9574	263.0
2.99102	34.0739	2828.0
3.25226	33.9566	1043.0
3.36903	33.9978	1688.0
3.50219	33.8754	273.0
3.557	34.1217	800.0
3.18975	33.8834	233.0
3.37686	33.6625	520.0
2.97744	33.905	3584.0
3.30843	33.6471	450.0
3.22499	34.023	247.0
2.8788	34.0864	233.0
3.07468	33.8131	525.0
3.68727	33.9232	628.0
3.82597	33.6103	640.0
3.83371	33.6645	431.0
2.87861	33.8865	282.0
3.13289	34.0607	556.0
2.82007	33.9967	131.0
2.87265	34.11	238.0
3.62837	33.8818	1578.0
3.04152	33.847	2135.0
2.85909	33.9657	120.0
3.37447	34.087	1276.0
3.33337	34.0443	2330.0
2.99205	33.9885	1183.0
2.87244	33.9995	276.0
3.59511	33.5384	3658.0
3.00692	34.1016	300.0
3.09963	33.8216	551.0
2.97566	33.8783	669.0
3.54851	33.8269	577.0
3.26958	33.9744	588.0
3.3545	33.7329	136.0
3.03775	34.061	731.0
3.24968	33.8782	23.0
3.33037	33.7742	77.0
3.2795	33.891	74.0
3.52887	33.8973	379.0
3.35746	33.9781	370.0
3.09555	33.8641	3926.0
3.39169	33.5755	596.0
3.35544	33.8892	52.0
3.77801	33.9964	582.0
3.33051	33.6924	136.0
3.15934	34.0643	310.0
2.92562	33.9517	10912.0
2.91148	34.2658	330.0
3.49748	33.8463	4151.0
3.00193	34.0311	1523.0
3.03314	33.8712	730.0
2.88332	33.936	330.0
3.50815	34.1523	510.0
3.43092	33.8821	1774.0
3.34516	33.9682	812.0
3.30298	33.7365	135.0
3.55144	33.8627	272.0
2.85696	33.941	1432.0
3.09461	34.0201	143.0
2.89644	34.099	55.0
3.51976	33.5593	353.0
3.37023	34.0455	597.0
3.72844	33.8733	614.0
3.54545	33.7909	353.0
3.12779	33.861	356.0
3.64824	33.7853	412.0
3.29251	34.0338	297.0
3.34175	33.6866	350.0
2.78875	33.8848	1572.0
3.24518	33.8534	112.0
3.65426	33.7141	756.0
3.19222	33.7989	375.0
3.00857	34.043	704.0
3.0822	33.9217	315.0
3.43371	34.0642	735.0
3.32365	33.9001	663.0
3.01523	33.9094	6555.0
2.81118	33.9305	175.0
3.13876	33.8151	3098.0
3.40412	33.9282	374.0
3.16368	33.8267	192.0
2.91386	34.2001	666.0
2.86756	33.9043	447.0
3.25379	33.825	227.0
3.24771	33.6739	52.0
3.01169	33.9412	5071.0
3.56599	33.5865	452.0
3.31577	33.7126	646.0
3.00224	33.8807	2843.0
2.81996	33.8568	1220.0
3.59215	33.7511	1850.0
2.94889	33.8722	697.0
2.87531	33.8042	442.0
3.20356	33.6258	195.0
3.26701	33.7029	1208.0
3.83116	33.9471	681.0
2.83634	33.8395	146.0
3.07723	34.0338	124.0
3.36213	33.7713	194.0
2.763	33.9452	1817.0
3.28731	33.8645	210.0
2.9424	34.1276	386.0
3.01751	34.1297	421.0
3.09595	33.8341	599.0
3.32081	33.9577	993.0
3.28047	33.5257	217.0
3.04127	33.9488	1308.0
3.42032	33.7647	418.0
2.90112	34.0458	584.0
2.89508	33.8184	215.0
3.14874	33.9145	827.0
3.34018	33.6331	8902.0
3.03875	33.8883	851.0
3.40056	33.64	1645.0
3.2719	33.7977	224.0
3.52153	33.8577	678.0
2.81065	33.945	130.0
3.29863	33.6791	573.0
3.43716	33.5681	340.0
3.48281	33.6935	2532.0
3.43806	33.6254	625.0
3.31833	33.7295	416.0
2.80033	33.9713	166.0
3.46453	33.5966	2714.0
3.44431	34.1812	418.0
3.05262	34.0912	491.0
3.05902	34.0642	216.0
3.03003	34.1068	374.0
3.4491	33.8669	194.0
3.30438	33.6253	214.0
3.38725	33.9428	442.0
2.87291	34.0221	495.0
3.18212	33.932	3269.0
2.83179	33.9762	170.0
3.26862	33.8166	117.0
2.89933	34.1166	362.0
2.95026	33.7719	372.0
2.8508	33.8117	260.0
3.13841	33.8438	323.0
3.16824	33.9615	124.0
3.25014	33.7454	967.0
3.21974	33.5602	325.0
2.91862	33.9155	672.0
2.91078	33.8466	735.0
3.2957	33.9821	581.0
3.49261	33.831	944.0
3.74292	34.0074	1968.0
2.91277	34.2295	793.0
3.73366	33.6148	162.0
2.97814	33.9713	1222.0
3.20581	33.8299	253.0
3.75927	33.7086	426.0
3.36903	34.0731	263.0
3.08467	33.9506	390.0
3.09588	33.8946	258.0
3.8298	33.8456	2220.0
3.31875	33.9912	391.0
3.43001	34.0241	741.0
2.82743	34.0206	230.0
2.95145	34.0255	2987.0
3.01834	34.0578	627.0
3.17634	33.8599	218.0
3.40462	34.1286	6963.0
3.88119	33.7961	1632.0
3.62379	33.949	157.0
3.4069	33.4861	1243.0
3.4771	33.5153	395.0
3.39411	34.0429	584.0
2.82185	33.9027	228.0
3.00952	33.974	408.0
3.20646	33.8076	59.0
3.2883	34.0184	574.0
2.87763	33.9791	141.0
3.16674	33.8708	186.0
3.1944	33.8568	382.0
3.16359	33.8427	225.0
3.47775	34.0856	641.0
3.27423	33.5995	290.0
3.36844	33.6148	944.0
3.49117	33.814	298.0
3.63167	33.5845	501.0
3.77519	33.9167	368.0
3.11499	33.8176	195.0
2.92378	33.8901	1496.0
2.88411	34.1797	328.0
2.96091	34.0022	1491.0
2.95553	33.9783	1447.0
2.85069	34.0516	2599.0
3.64557	34.6172	1294.0
3.05743	34.1647	1630.0
3.24235	34.2327	792.0
3.11772	34.111	262.0
3.42799	34.6817	3021.0
3.13298	34.3506	1080.0
3.32024	34.4232	1756.0
3.22707	34.5436	5808.0
3.10283	34.4188	595.0
3.14972	34.2423	50348.0
3.18188	34.2697	18885.0
3.24383	34.5385	27253.0
3.39187	34.7004	1767.0
3.5906	34.3846	1680.0
3.21579	34.4356	684.0
3.15914	34.4711	1235.0
3.32426	34.4483	1144.0
3.16922	34.2974	1886.0
3.46468	34.7	940.0
3.2642	34.5088	1169.0
3.24246	34.3272	614.0
3.41504	34.4395	1817.0
3.3279	34.6401	1092.0
3.08238	34.319	3729.0
3.28262	34.263	327.0
2.90063	34.338	328.0
3.54432	34.6309	228.0
3.14459	34.4451	1293.0
3.50232	34.574	1158.0
3.61834	34.7045	854.0
3.57079	34.6194	340.0
3.00469	34.1698	428.0
3.23089	34.2168	248.0
3.36194	34.5682	1415.0
3.40694	34.5442	830.0
3.30789	34.5209	2098.0
3.59134	34.642	240.0
3.38207	34.425	10463.0
3.34241	34.6115	3980.0
3.18254	34.4983	545.0
3.36591	34.1587	174.0
3.03333	34.201	344.0
3.37259	34.6153	670.0
3.40451	34.3858	383.0
3.39596	34.5816	569.0
3.08458	34.3716	518.0
3.07612	34.4113	698.0
3.41206	34.6286	729.0
3.03857	34.1292	518.0
2.89955	34.3677	337.0
3.81037	34.288	9830.0
3.49906	34.7193	753.0
3.69743	34.6507	719.0
3.24513	34.4224	177.0
3.17595	34.1235	115.0
3.07952	34.1899	597.0
3.17636	34.3338	757.0
3.71647	34.5977	1190.0
3.52098	34.4438	1061.0
3.00085	34.392	383.0
3.05853	34.3974	137.0
3.0878	34.2339	1883.0
2.9281	34.3968	257.0
3.0381	34.4492	365.0
3.26325	34.6558	1274.0
2.96873	34.3882	154.0
3.22002	34.0828	196.0
3.57072	34.6796	502.0
2.96996	34.4588	306.0
3.00982	34.3375	939.0
3.09064	34.3472	1365.0
2.95752	34.4245	707.0
2.97116	34.3209	331.0
3.31694	34.1982	472.0
3.42712	34.2541	2023.0
3.52415	34.4166	17711.0
3.17711	34.4849	3120.0
3.57288	34.2462	1976.0
3.32152	34.1004	261.0
3.65406	34.1465	1129.0
3.02958	34.3702	350.0
3.32379	34.4845	1343.0
3.10412	34.3934	621.0
3.52187	34.2615	881.0
3.28523	34.4398	936.0
3.56955	34.5321	176.0
3.12747	34.2511	16464.0
3.29305	34.5447	4358.0
2.96764	34.2947	167.0
3.14135	34.3864	3186.0
3.07482	34.1107	1270.0
3.13466	34.3276	770.0
3.57129	34.2279	1029.0
2.95298	34.3468	603.0
3.0048	34.4355	395.0
3.25162	34.2802	915.0
3.59407	34.2614	1710.0
3.23233	34.1193	2781.0
3.29082	34.6528	3859.0
2.94816	34.3093	71.0
3.20624	34.1695	797.0
2.91631	34.431	715.0
3.35709	34.3021	462.0
3.19659	34.1279	168.0
3.11499	34.2929	3233.0
3.59047	34.5527	353.0
3.2707	34.4114	1090.0
3.05238	34.2405	631.0
3.21611	34.5162	1430.0
3.52416	34.7396	7273.0
3.22905	34.3929	1061.0
3.32469	34.6921	682.0
3.35099	34.4671	413.0
3.28609	34.1035	6310.0
3.10553	34.4579	1232.0
3.39183	34.6193	592.0
3.51067	34.6968	1151.0
3.33357	34.5168	2441.0
3.54911	34.6654	195.0
2.89692	34.3896	335.0
2.9807	34.3697	1598.0
3.21484	34.5298	9949.0
3.58942	34.5054	1352.0
3.2538	34.0925	446.0
3.43884	34.3091	2115.0
3.19138	34.3697	2605.0
3.10158	34.135	1157.0
3.42618	34.583	634.0
3.43334	34.6043	729.0
3.02801	34.2549	685.0
3.05739	34.143	709.0
3.71023	34.2512	2706.0
3.03601	34.4237	511.0
3.2827	34.5636	539.0
3.52756	34.718	976.0
3.2085	34.1245	729.0
3.14516	34.1265	257.0
3.29516	34.6277	1142.0
2.95172	34.2581	353.0
3.07585	34.2526	718.0
3.31554	34.5422	1211.0
3.59833	34.741	1997.0
3.46445	34.6262	604.0
3.3805	34.6401	508.0
3.47364	34.6803	1043.0
3.31225	34.6031	862.0
3.57121	34.3546	2801.0
3.37783	34.2044	789.0
3.0465	34.2199	1401.0
3.34118	34.4969	695.0
3.39326	34.6778	1429.0
3.45503	34.4463	5323.0
3.03368	34.1803	629.0
3.4716	34.7215	1285.0
3.33734	34.1197	699.0
3.05202	34.3745	440.0
3.47756	34.4041	4442.0
2.97696	34.1757	612.0
3.31084	34.6696	1146.0
3.56196	34.7431	1020.0
3.56263	34.1959	4509.0
3.4675	34.5581	364.0
3.64293	34.7484	280.0
3.20939	34.2155	1659.0
3.19284	34.4094	610.0
2.99255	34.3094	509.0
3.05139	34.3357	630.0
3.28912	34.6917	1434.0
3.13352	34.2873	2009.0
3.12598	34.2685	7701.0
3.48422	34.4949	1739.0
3.03842	34.4038	497.0
3.21868	34.5	1792.0
3.08466	34.2088	369.0
3.26932	34.1564	189.0
3.65644	34.5579	769.0
3.44142	34.3875	1150.0
3.60109	34.4183	498.0
3.65659	34.5258	2948.0
2.95805	34.2176	849.0
3.20668	34.4685	700.0
3.08203	34.1557	650.0
3.00983	34.3633	269.0
3.52147	34.3782	357.0
3.29716	34.501	780.0
3.20984	34.2837	862.0
3.29595	34.7079	361.0
3.54148	34.7418	2211.0
3.13162	34.4649	1100.0
3.06903	34.2708	471.0
3.6721	34.711	58.0
3.2013	34.3329	737.0
3.45599	34.5317	786.0
3.45715	34.6609	686.0
3.65852	34.31	10104.0
3.35961	34.4835	1059.0
3.42062	34.648	1921.0
3.25929	34.4525	2105.0
3.36792	34.3489	870.0
3.09923	34.2688	5487.0
3.52518	34.1856	1081.0
3.11944	34.433	622.0
3.13682	34.3054	2616.0
3.49053	34.7366	4954.0
3.12301	34.1846	882.0
3.26087	34.4841	5269.0
3.48079	34.35	375.0
3.50644	34.6719	420.0
3.57135	34.4424	393.0
3.29511	34.3947	8538.0
2.9981	34.2041	11230.0
3.35977	34.5427	516.0
3.11971	34.4144	198.0
3.3114	34.5805	2513.0
3.01629	34.279	361.0
3.17232	34.1477	392.0
3.02855	34.1583	1617.0
3.30276	34.1378	798.0
2.89721	34.4171	305.0
3.65739	34.2128	5276.0
3.68269	34.7386	565.0
3.58937	34.5773	1022.0
3.38768	34.2759	1005.0
3.38506	34.4613	745.0
3.42901	34.4896	2749.0
3.17018	34.1729	5002.0
3.10793	34.4858	9140.0
3.33984	34.3893	603.0
3.16095	34.3221	1739.0
3.56834	34.7173	1703.0
3.35313	34.4152	5053.0
3.55346	34.4282	587.0
3.31338	34.3935	606.0
3.05853	34.19	511.0
3.01378	34.2285	1548.0
3.54599	34.2993	14383.0
3.03816	34.3517	476.0
3.65925	34.4411	2323.0
3.1776	34.4374	333.0
3.00477	34.4168	500.0
3.37389	34.5921	348.0
3.30759	34.4704	657.0
3.35714	34.6719	4268.0
3.49719	34.4001	6163.0
3.32556	34.1657	489.0
3.69422	34.2996	818.0
3.16182	34.2061	3421.0
3.11612	34.2147	16365.0
2.92226	34.3059	1793.0
3.28429	34.0617	478.0
3.54051	34.588	285.0
3.07043	34.2973	2881.0
3.71624	34.409	706.0
2.95598	34.2759	389.0
3.23216	34.1864	1448.0
3.54627	34.4796	3140.0
3.48869	34.4391	4873.0
3.64497	34.7313	593.0
3.31064	34.2369	5212.0
3.43755	34.7174	28927.0
3.28444	34.3441	2560.0
3.01677	34.2987	844.0
3.40137	34.4818	1121.0
2.92243	34.3599	255.0
3.62672	34.6706	606.0
3.49893	34.641	615.0
3.02037	34.462	2197.0
2.99842	34.253	1277.0
3.78834	34.3818	390.0
2.94398	34.3827	242.0
3.0468	34.2742	738.0
3.26437	34.6169	2502.0
3.61197	34.4734	558.0
3.53345	34.6553	217.0
3.06702	34.436	528.0
2.98796	34.2742	313.0
3.25997	34.5283	5297.0
3.19289	34.2358	2063.0
3.41678	34.562	666.0
3.35726	34.2664	899.0
3.21224	34.3041	2068.0
3.39521	34.4958	676.0
3.25806	34.5527	6989.0
3.17711	34.395	396.0
3.15934	34.3504	457.0
3.54699	34.6931	659.0
3.06528	34.4655	3032.0
3.1059	34.1643	1022.0
3.38066	34.514	3373.0
3.44831	34.4184	958.0
3.1611	34.4126	275.0
2.99123	34.457	784.0
3.31709	34.7096	639.0
2.67432	32.6915	47.0
